基本上本人改到現在記憶体的變動值可從
02XXXXXXh~07XXXXXXh (可變範圍真的很大)
要注意的是 戰鬥時的人物能力值排列是依照戰鬥畫面時
由左上角的人為一號依序排列的 
每個人物的主要能力值共有六行 每行有16個byts
<例>
00 00 00 00 00 00 00 00 00 00 00 00 03 00 03 00
87 87 87 87 87 87 87 00 0A 00 32 01 00 00 00 00
E7 03 E7 03 01 00 E7 03 E7 03 01 00 30 70 05 00
XX XX XX 00 00 00 00 00 20 00 A7 00 00 00 00 00
01 00 00 20 E7 03 32 00 0D 00 00 00 00 00 00 00
00 00 00 00 00 00 00 00 64 64 64 64 64 00 00 00

第一行最後四碼為人物代碼通常兩個都會一樣 03指的是帕彌菈(這個千萬別去亂改)

第二行前七碼是人物的基本能力值 
由左到右為：STR AGI SEN VIR INT CON SPI
第九碼是職業 0A指的是女巫 
第11碼是等級 32指的是50級(十六進位的算法)
第12碼是待機 01表示人物正在戰場上 00則表示人物正在待機

第三行
第1 2碼為HP最大值 第3 4碼為HP目前值 
最大為999 十六進位法為03E7 (記憶体來看是E7 03)
第5碼為HP自然回復值 越大越慢
第7 8碼為MP最大值 第9 10碼為MP目前值
最大為999 十六進位法為03E7 (記憶体來看是E7 03)
第11碼為MP自然回復值 越大越慢
第13 14 15碼則為人物的上場時間 570301 代表99分鐘

第四行
前三碼未知 跟時間有關但最好別去改
第9碼為人物視野 最大值為20(32再多可能會當機)
第11碼為行走速度 越大可以走越快(最高改過D0沒當機)

第五行
第1碼為攻擊速度 越低越快(但感覺01比00還快一點)
第4碼為攻擊射程 最大值為20(再多可能會當機)
第5 6碼為命中率 最大也是03E7h 但除了必中職業外
就算改到999還是可能會miss(可能性很低而己)
第7碼為攻擊最小值 改越高攻擊力越高(目前改過D0)
第9碼為攻擊加成值 最小攻擊力與最大攻擊力的差值
通常改第7碼就夠了 第9碼要改不改都行(沒改過)

第六行
第9 10 11 12 13碼 由左到右依序為：
迴避 物理裝甲 身体耐性 魔法障壁 精神耐性
最大值目前全改成64h沒問題(就是全100)

基本上 以上數值通用於戰鬥時的所有人物
但是有一些數值還是弄不清楚(改了沒反應和怕當機)
不過以上這些數值對於戰鬥來說己經很足夠了
我試過將重劍士所有能力改到最大限
(hpmp不鎖定 因為換地圖記憶体變動後就沒用了)
便足以1隻單p圖書館


GM起始位址7A5210學級經驗值位址7A511C
007A5210: 03 00 04 00 09 00 00 00 00 00 00 00 00 00 00 00;
007A5220: 00 00 00 00 00 00 00 00 00 00 00 00 00 00 00 00;
007A5230: 00 00 00 00 00 00 00 00 00 00 00 00 00 00 00 00;
007A5240: 00 00 00 00 00 00 00 00 00 00 00 00 00 00 00 00;
007A5250: 00 00 00 00 00 00 00 00 00 00 00 00 00 00 00 00;
007A5260: 03 00 65 00 00 00 00 00 00 00 00 00 00 00 00 00;..e.....
007A5270: 00 00 00 00 00 00 00 00 00 00 00 00 00 00 00 00;
007A5280: 00 00 00 00 00 00 00 00 00 00 01 00
上面是第一年4月1週的資料。
學生容量上限40個(實際也沒那麼多)，一個2Byte，共5行，一開始3個學生。
03帕彌菈04瑟希莉絲09伊里安
007A5260: 03 00 65 00 
03是學生數，65開始是老師的位址，65是德涅西亞。
老師容量上限20個(也是沒那麼多)，最後的資料01是老師數。
用學級經驗值點屬性或技能，遊戲會重新計算LV。

?搜尋540的數值，大約有172組，選002E45F0那組，把數值改成5940就OK了
進遊戲就會發現LV50的上場時間變99分鐘，以後玩都是99分鐘
如果要改其它等級，一樣打開執行檔，用編輯記憶體，它們的位址就在002E45F0那組
前面而已，往前推依序是LV49,LV48......很好找，是用秒計算的
註１：改過的執行檔不確定是否能連線，所以要記得備分
註２：執行檔也能改經驗值上限，搜尋8500000，也就是lv50的經驗值限制，
　　　最大可改到FFFFFF，約1600萬吧，剛把法娜能力三項點到135 XD

建議要改數值前,先將要改的數值留個1左右,
例如:
要將STR改為40,那麼在記憶體相對位置改成39就好
,剩餘的1再用學級經驗加上去.這樣做的好處是,戰
鬥完後,數值不會跳回之前未改前的數值.
另外:
要將重戰士的Int改為1,先再GM處將Int改為0,剩餘
的1再用學級經驗加上去.你就會發現...等級會因
此下降(如果你Int之前很高的話)
此外:
在改數值前,先將裝備欄的技能卸下,並在記憶體位置
改成02(未習得),這樣你數值在點的時候,才能多點一
些,這是因為技能也有算進角色的總經驗值??,數值點
完後,再改成03(習得)即可
附帶一些我覺得比較好的數值分布:
男白獵人:STR:120 AGI:28 SEN:135 CON:63 SPI:2
黑劍士:STR:49 AgI:135 SEN:60 VIR:80 CON:100 SPI:40

在遊戲中看完數值後,切換回GM視窗前,先進入[職務室]畫面
之後再切回來,遊戲就不會掛掉了
@.以第33位角色為例:
先利用基本數值追蹤,在找技能欄,比較需要注意的是:
00:未學
02:可學
03:習得
04:不可裝備且未學
05:不可裝備且習得
06:已裝備
                  0  1  2  3  4  5  6  7  8  9  A  B  C  D  E  F
根據銀葉柳大姊的大作得知:
1F 是學生編號(詳細編號對應請參考大姊著作)
0A 職業[007EA740] 00 00 00 00 00 00 00 00 1F 00 00 00 00 00 0A 00
STR AGI[007EA750] 01 00 00 00 ** 00 00 00 F0 0A 00 00 ** 00 00 00
SEN VIR[007EA760] 88 DD 08 00 ** 00 00 00 90 55 0B 00 ** 00 00 00
INT CON[007EA770] 94 11 00 00 ** 00 00 00 A8 91 11 00 ** 00 00 00
SPI    [007EA780] F0 0A 00 00 ** 00 00 00 88 DD 08 00 31 01 12 00
LV     [007EA790] 00 00 00 00 E8 9E 2D 00 28 00 ** 00 ** 00 ** 00
       [007EA7A0] ** 00 ** 00 ** 00 ** 00 ** 00 ** 00 XX 00 XX 00
       [007EA7B0] XX 00 XX 00 XX 00 XX 00 XX 00 XX 00 00 00 00 00
**:裝備欄的技能
XX:裝備欄的裝備
@.技能代號請依以下技能出現排序,例如:要將重戰士裝備技能格F1放上[集中]
就在007EA79A放上01,要改成[野性呼喚]依以下技能出現次數換算是38(16進
位),此外記得將相對應的技能位置改成06已裝備,之後你就發現,嘿嘿嘿...
重戰士也能用用僧侶那各闇系的技能或者是風係魔法那個加速的技能..

四行             0  1  2  3  4  5  6  7  8  9  A  B  C  D  E  F
重1重2[007EA800] 03 00 00 00 00 00 00 00 00 00 00 00 03 00 00 00
重3   [007EA810] 00 00 00 00 00 00 00 00 03 00 00 00 00 00 00 00
重4   [007EA820] 00 00 00 00 03 00 00 00 00 00 00 00 00 00 00 00
重5重6[007EA830] 03 00 00 00 00 00 00 00 00 00 00 00 03 00 00 00
重7   [007EA840] 00 00 00 00 00 00 00 00 03 00 00 00 00 00 00 00
輕1   [007EA850] 00 00 00 00 03 00 00 00 00 00 00 00 00 00 00 00
輕3輕2[007EA860] 00 00 00 00 00 00 00 00 00 00 00 00 03 00 00 00
輕4   [007EA870] 00 00 00 00 00 00 00 00 03 00 00 00 00 00 00 00
輕5   [007EA880] 00 00 00 00 03 00 00 00 00 00 00 00 00 00 00 00
奧1輕7[007EA890] 03 00 00 00 00 00 00 00 00 00 00 00 03 00 00 00
表1   [007EA8A0] 00 00 00 00 00 00 00 00 03 00 00 00 00 00 00 00
表5   [007EA8B0] 00 00 00 00 03 00 00 00 00 00 00 00 00 00 00 00
裏1表4[007EA8C0] 03 00 00 00 00 00 00 00 00 00 00 00 03 00 00 00
表6   [007EA8D0] 00 00 00 00 00 00 00 00 03 00 00 00 00 00 00 00
表3   [007EA8E0] 00 00 00 00 03 00 00 00 00 00 00 00 00 00 00 00
表7裏6[007EA8F0] 03 00 00 00 00 00 00 00 00 00 00 00 03 00 00 00
裏3   [007EA900] 00 00 00 00 00 00 00 00 03 00 00 00 00 00 00 00
裏4   [007EA910] 00 00 00 00 03 00 00 00 00 00 00 00 00 00 00 00
裏2裏5[007EA920] 03 00 00 00 00 00 00 00 00 00 00 00 03 00 00 00
表2   [007EA930] 00 00 00 00 00 00 00 00 03 00 00 00 00 00 00 00
裏7   [007EA940] 00 00 00 00 03 00 00 00 00 00 00 00 00 00 00 00
光1光2[007EA950] 03 00 00 00 00 00 00 00 00 00 00 00 03 00 00 00
光3   [007EA960] 00 00 00 00 00 00 00 00 03 00 00 00 00 00 00 00
光4   [007EA970] 00 00 00 00 03 00 00 00 00 00 00 00 00 00 00 00
地1光5[007EA980] 03 00 00 00 00 00 00 00 00 00 00 00 03 00 00 00
光7   [007EA990] 00 00 00 00 00 00 00 00 03 00 00 00 00 00 00 00
闇2   [007EA9A0] 00 00 00 00 03 00 00 00 00 00 00 00 00 00 00 00
闇5闇3[007EA9B0] 03 00 00 00 00 00 00 00 00 00 00 00 03 00 00 00
無4   [007EA9C0] 00 00 00 00 00 00 00 00 03 00 00 00 00 00 00 00
闇1   [007EA9D0] 00 00 00 00 03 00 00 00 00 00 00 00 00 00 00 00
闇7闇4[007EA9E0] 03 00 00 00 00 00 00 00 00 00 00 00 03 00 00 00
火5   [007EA9F0] 00 00 00 00 00 00 00 00 03 00 00 00 00 00 00 00
無3   [007EAA00] 00 00 00 00 03 00 00 00 00 00 00 00 00 00 00 00
無2風2[007EAA10] 03 00 00 00 00 00 00 00 00 00 00 00 03 00 00 00
無5   [007EAA20] 00 00 00 00 00 00 00 00 03 00 00 00 00 00 00 00
無7   [007EAA30] 00 00 00 00 03 00 00 00 00 00 00 00 00 00 00 00
無6無1[007EAA40] 03 00 00 00 00 00 00 00 00 00 00 00 03 00 00 00
地5   [007EAA50] 00 00 00 00 00 00 00 00 03 00 00 00 00 00 00 00
地2   [007EAA60] 00 00 00 00 03 00 00 00 00 00 00 00 00 00 00 00
地3地7[007EAA70] 03 00 00 00 00 00 00 00 00 00 00 00 03 00 00 00
地6   [007EAA80] 00 00 00 00 00 00 00 00 03 00 00 00 00 00 00 00
地4   [007EAA90] 00 00 00 00 03 00 00 00 00 00 00 00 00 00 00 00
風1闇6[007EAAA0] 03 00 00 00 00 00 00 00 00 00 00 00 03 00 00 00
風3   [007EAAB0] 00 00 00 00 00 00 00 00 03 00 00 00 00 00 00 00
風4   [007EAAC0] 00 00 00 00 03 00 00 00 00 00 00 00 00 00 00 00
風5風6[007EAAD0] 03 00 00 00 00 00 00 00 00 00 00 00 03 00 00 00
風7   [007EAAE0] 00 00 00 00 00 00 00 00 03 00 00 00 00 00 00 00
水1   [007EAAF0] 00 00 00 00 03 00 00 00 00 00 00 00 00 00 00 00
水2水3[007EAB00] 03 00 00 00 00 00 00 00 00 00 00 00 03 00 00 00
水4   [007EAB10] 00 00 00 00 00 00 00 00 03 00 00 00 00 00 00 00
水5   [007EAB20] 00 00 00 00 03 00 00 00 00 00 00 00 00 00 00 00
水7水6[007EAB30] 03 00 00 00 00 00 00 00 00 00 00 00 03 00 00 00
火1   [007EAB40] 00 00 00 00 00 00 00 00 03 00 00 00 00 00 00 00
火2   [007EAB50] 00 00 00 00 03 00 00 00 00 00 00 00 00 00 00 00
火3火4[007EAB60] 03 00 00 00 00 00 00 00 00 00 00 00 03 00 00 00
火6   [007EAB70] 00 00 00 00 00 00 00 00 03 00 00 00 00 00 00 00
光6   [007EAB80] 00 00 00 00 03 00 00 00 00 00 00 00 00 00 00 00
火7輕6[007EAB90] 03 00 00 00 00 00 00 00 00 00 00 00 03 00 00 00
奧2   [007EABA0] 00 00 00 00 00 00 00 00 03 00 00 00 00 00 00 00
奧5   [007EABB0] 00 00 00 00 03 00 00 00 00 00 00 00 00 00 00 00
奧4奧3[007EABC0] 03 00 00 00 00 00 00 00 00 00 00 00 03 00 00 00
奧6   [007EABD0] 00 00 00 00 00 00 00 00 03 00 00 00 00 00 00 00
奧7   [007EABE0] 00 00 00 00 03

學生
01　凱洛特 02　夏朧 03　帕彌菈 04　瑟希莉絲
05　法娜 06　艾爾雪 07　羅沙麗亞 08　奎絲忒
09　伊里安 0A　奧吉爾 0B　希里鄔司 0C　紐
0D　攸莉 0E　艾克索 0F　克莉絲 10　格列佛
11　柏爾德 12　芙莉卡 13　加德摩斯 14　派洛斯
15　昱荻 16　艾蕾 17　席菈 18　費爾德訥
19　伊歐娜 1A　奇法 1B 娜芙忒卡 1C　哈茲班
1D　瑪貝菈 1E　謬菈 1F　莉莉絲 20　耶魯法
21　雪荋法 22　傑可班(沒臉) 23　德涅西亞

老師(65~76)
65　德涅西亞 66　巴爾巴拉(沒臉) 67　吉爾梅亞
68　魯比格亞(沒臉) 69　布拉奇 6A　聶葫
6B　鮑貝斯 6C　鮑伯 6D　蕾芃
6E　帕佩修 6F　菲歐莉歐 70　修奈鐸
71　奈比洛斯 72　納茲雷古(沒臉) 73　薛莉爾
74　羅弗利 75　法爾德 76　芭特菈

人物職業代碼
01 重戰士(男) 02 重戰士(女)03 劍士(男) 04 擊劍士(女)
05 獵人(男) 06 斥候(女)07 僧侶(男) 08 修女(女)
09 魔法師(男) 0A 女巫(女)0B 白重戰士(男) 0C 白重戰士(女)
0D 白劍士(男) 0E 白劍士(女)0F 白獵人(男) 10 白獵人(女)
11 白僧侶(男) 12 白僧侶(女)13 白魔法師(男) 14 白魔法師(女)
15 黑重戰士(男) 16 黑重戰士(女)17 黑劍士(男) 18 黑劍士(女)
19 黑獵人(男) 1A 黑獵人(女)1B 黑僧侶(男) 1C 黑僧侶(女)
1D 黑魔法師(男) 1E 黑魔法師(女)